1.98461538462
1.425
0.827338129496
0.576923076923
0.864864864865
1.31666666667
0.986666666667
2.66666666667
1.08609271523
0.254054054054
2.25531914894
0.881188118812
1.17391304348
0.84
3.64814814815
0.508474576271
0.835616438356
2.43333333333
1.33333333333
0.5625
1.31896551724
0.647798742138
1.30088495575
1.20143884892
0.964705882353
0.335526315789
6.02222222222
0.340807174888
3.01111111111
0.327433628319
2.23076923077
1.0802919708
0.308219178082
4.4358974359
1.45614035088
0.427385892116
1.01234567901
0.988764044944
1.22619047619
0.67619047619
2.66129032258
0.638157894737
0.821052631579
1.5671641791
1.44660194175
0.532894736842
2.08108108108
0.309523809524
1.88461538462
0.989361702128
0.763157894737
2.7868852459
0.443037974684
2.34375
0.687074829932
1.12222222222
0.988764044944
1.65853658537
1.37068965517
0.860927152318
8.7
0.271551724138
1.01408450704
1.9156626506
0.558659217877
0.655555555556
1.12328767123
1.06024096386
0.337209302326
2.525
2.8488372093
0.429166666667
1.29411764706
1.46
1.12612612613
0.669291338583
1.28378378378
2.27659574468
0.690355329949
0.387755102041
2.37254901961
0.444444444444
2.72881355932
0.454545454545
3.55555555556
0.572093023256
0.697674418605
1.38888888889
1.47706422018
0.536585365854
1.0
1.68235294118
0.46511627907
2.66101694915
0.84328358209
0.464285714286
3.75925925926
0.659459459459
1.10434782609
1.14166666667
0.920634920635
0.818181818182
1.60227272727
0.430463576159
1.03614457831
2.0243902439
0.458333333333
1.67605633803
0.934426229508
0.729166666667
2.06756756757
1.13422818792
0.398648648649
3.65671641791
0.492307692308
1.47368421053
0.756097560976
1.18604651163
1.05952380952
1.40425531915
0.767676767677
1.27848101266
1.23595505618
1.375
0.553459119497
0.666666666667
2.70909090909
0.517730496454
0.9375
1.46875
1.45977011494
0.845454545455
0.694117647059
2.70833333333
1.17164179104
0.751773049645
0.958762886598
2.38823529412
0.482954545455
1.4125
1.0202020202
0.510869565217
2.90909090909
2.20422535211
0.270627062706
1.77941176471
0.76
1.22988505747
2.375
0.311224489796
4.10909090909
0.827751196172
0.92817679558
1.25
3.42307692308
0.827380952381
1.10344827586
2.06849315068
0.423076923077
0.367924528302
2.02777777778
1.27868852459
3.0
0.420833333333
1.04901960784
0.581632653061
1.93650793651
1.63636363636
0.296551724138
6.95652173913
0.797202797203
0.327586206897
6.15625
0.515957446809
1.59756097561
0.586956521739
1.16901408451
7.31818181818
0.960784313725
2.17777777778
0.203703703704
2.94029850746
1.43915343915
0.833333333333
0.24882629108
0.80701754386
1.53333333333
1.15873015873
2.0
0.7
0.846153846154
1.75925925926
1.5487804878
0.885714285714
0.708333333333
1.625
1.11320754717
1.52173913043
0.638655462185
2.62962962963
0.285714285714
1.98148148148
1.01041666667
2.97872340426
0.369294605809
1.0
1.51162790698
0.729508196721
1.63768115942
1.47777777778
0.347826086957
1.04761904762
1.6
0.449438202247
1.9387755102
1.16091954023
1.10256410256
0.636363636364
1.55
1.09090909091
1.30158730159
2.875
0.753846153846
0.53488372093
1.29508196721
1.60273972603
1.35964912281
0.652777777778
1.34285714286
1.38461538462
0.439189189189
2.4406779661
0.914285714286
1.33333333333
0.474285714286
0.805194805195
1.20754716981
1.72413793103
1.28048780488
2.33333333333
0.898936170213
0.780141843972
0.442748091603
1.63636363636
1.29268292683
0.989898989899
1.64444444444
0.40625
1.46478873239
2.04444444444
0.6
1.69696969697
0.476510067114
1.05454545455
1.32727272727
0.791666666667
1.58620689655
1.11111111111
0.611111111111
1.24561403509
3.11764705882
0.394594594595
2.49230769231
0.428571428571
1.22950819672
1.91935483871
1.42708333333
1.04724409449
0.661290322581
0.805555555556
1.06779661017
0.753846153846
1.50877192982
2.09411764706
0.745098039216
2.14634146341
0.485714285714
0.942528735632
1.84615384615
0.852112676056
0.336448598131
2.0
2.2619047619
1.06666666667
0.371584699454
4.37777777778
0.492610837438
0.5
1.12280701754
1.80952380952
0.737288135593
1.08641975309
1.1
0.63
10.435483871
0.40923566879
0.265306122449
3.45283018868
1.32484076433
0.673913043478
0.75
1.8
0.470198675497
1.5671641791
1.12765957447
1.36363636364
1.63636363636
0.395939086294
1.5875
0.391666666667
1.09090909091
0.716417910448
3.27777777778
0.678571428571
1.05660377358
0.939393939394
2.8
1.46621621622
0.901477832512
0.572164948454
0.584905660377
3.36842105263
0.780487804878
0.958333333333
0.480519480519
3.60344827586
0.485875706215
1.10309278351
1.15841584158
0.884955752212
1.79787234043
0.288590604027
2.91304347826
0.582191780822
1.09210526316
2.0
0.326424870466
0.766233766234
2.29850746269
0.764705882353
2.1568627451
0.356097560976
0.923913043478
0.844155844156
1.14084507042
0.733333333333
1.38333333333
0.373333333333
2.625
3.31428571429
0.483870967742
1.0
1.96825396825
0.6171875
1.06329113924
2.84722222222
0.626168224299
1.21538461538
0.490445859873
0.777777777778
0.7
4.01754385965
1.30857142857
0.378109452736
1.75925925926
1.28260869565
1.44
0.5
1.54385964912
4.22368421053
0.357827476038
0.923076923077
1.21176470588
0.597826086957
1.73913043478
1.55294117647
1.17094017094
0.428571428571
1.63636363636
2.26436781609
1.13580246914
0.566844919786
2.13513513514
0.489361702128
1.96590909091
0.430939226519
2.95454545455
0.230392156863
2.125
1.34
0.762711864407
0.784946236559
0.635135135135
2.85714285714
1.11578947368
1.52671755725
0.328358208955
3.23880597015
1.24615384615
0.338028169014
1.31944444444
21.1111111111
0.718390804598
0.579439252336
1.37288135593
0.880597014925
0.938271604938
1.95161290323
1.95762711864
0.394366197183
2.54320987654
0.788177339901
1.30612244898
0.556338028169
1.25
1.23188405797
0.666666666667
1.5
0.986111111111
0.9375
2.58823529412
3.58955223881
0.571428571429
0.78431372549
1.23489932886
0.552325581395
1.0
1.23404255319
0.703389830508
0.928571428571
1.25423728814
1.30769230769
3.57647058824
0.341176470588
2.25675675676
0.947712418301
2.24324324324
2.46153846154
0.288343558282
2.06818181818
1.16161616162
0.634920634921
2.22580645161
1.1376146789
0.822222222222
1.59433962264
0.619047619048
1.13432835821
3.10606060606
0.520710059172
1.46315789474
0.716535433071
1.23595505618
0.817204301075
1.91304347826
1.18055555556
0.3375
0.735849056604
1.7027027027
1.72222222222
1.36585365854
0.656565656566
2.60294117647
1.13605442177
0.512195121951
1.27027027027
1.93506493506
0.532051282051
1.08163265306
0.842696629213
3.45333333333
0.752136752137
1.57419354839
0.546218487395
0.82962962963
1.38709677419
0.581818181818
4.625
0.330434782609
3.55696202532
0.698181818182
0.558659217877
1.27835051546
2.0234375
0.625482625483
1.03703703704
0.337837837838
1.34042553191
2.06451612903
0.757009345794
1.44736842105
2.0
0.992592592593
1.32173913043
0.968944099379
1.26373626374
0.453658536585
6.6
3.70149253731
0.308943089431
4.84057971014
0.247678018576
3.05
0.112244897959
7.19230769231
0.881355932203
0.472222222222
2.14285714286
0.647727272727
1.55319148936
0.91935483871
1.08510638298
1.06451612903
1.703125
2.15
0.260638297872
4.15217391304
0.837563451777
0.674698795181
0.387931034483
5.65957446809
0.512605042017
0.207468879668
2.97916666667
1.70909090909
0.470588235294
1.94736842105
2.28571428571
0.846153846154
2.66371681416
0.778846153846
0.336633663366
1.42424242424
1.76086956522
0.280487804878
1.68387096774
5.82352941176
0.478632478632
0.378640776699
0.525423728814
4.4375
2.28571428571
0.449152542373
0.485915492958
1.73214285714
1.09230769231
1.1935483871
1.85294117647
0.626086956522
0.527131782946
1.5
2.35294117647
0.473214285714
1.35064935065
5.03773584906
1.1975308642
1.33333333333
0.327205882353
1.84507042254
1.04225352113
0.852173913043
0.80487804878
1.5145631068
1.05555555556
0.495726495726
1.01818181818
1.13333333333
1.11666666667
1.453125
1.83606557377
0.697916666667
1.08602150538
2.10606060606
0.761904761905
1.02083333333
1.54320987654
0.658333333333
0.820224719101
3.39655172414
0.809523809524
0.673366834171
3.75471698113
0.629032258065
0.874316939891
1.03773584906
1.19402985075
1.5
0.488
2.16883116883
1.74603174603
0.439189189189
1.5701754386
2.16981132075
0.401098901099
1.46428571429
1.67142857143
0.463855421687
1.87628865979
1.2619047619
1.1124260355
1.33793103448
4.02631578947
0.352941176471
0.993464052288
1.86666666667
1.1572327044
0.52808988764
0.484042553191
1.63636363636
0.919540229885
0.952380952381
2.33333333333
0.636363636364
0.40157480315
5.36666666667
2.64516129032
0.903614457831
1.34782608696
0.860927152318
3.38202247191
1.53719008264
0.150183150183
0.360465116279
2.76595744681
1.46268656716
1.74545454545
1.01030927835
0.709459459459
0.88
0.98
0.804347826087
0.964285714286
1.53846153846
1.73134328358
1.4375
0.577272727273
3.66666666667
0.666666666667
0.707317073171
0.864077669903
1.73684210526
0.779411764706
0.541237113402
2.27118644068
1.17307692308
1.18181818182
0.817307692308
0.952380952381
2.48
1.10344827586
0.952702702703
0.73786407767
0.8828125
1.04109589041
2.7
27.75
0.568965517241
1.00877192982
0.336842105263
2.11320754717
1.96774193548
0.337777777778
1.80555555556
0.983050847458
0.468965517241
2.25454545455
1.41558441558
0.876288659794
0.66
1.07954545455
1.43037974684
1.85185185185
0.516853932584
0.458646616541
1.09090909091
1.5671641791
3.0
1.30097087379
1.97894736842
0.588709677419
0.508474576271
0.733333333333
0.67816091954
0.654545454545
3.47169811321
1.825
0.323076923077
1.21818181818
2.31325301205
1.09836065574
0.978260869565
3.14457831325
1.05263157895
1.07391304348
0.5
0.733990147783
3.4262295082
0.299363057325
0.911764705882
12.8409090909
1.16393442623
0.182952182952
1.68992248062
2.23076923077
1.07608695652
0.907103825137
1.02762430939
0.884615384615
0.611111111111
0.551181102362
0.895238095238
1.52054794521
0.967032967033
0.717171717172
1.46739130435
1.11842105263
0.507692307692
0.712643678161
0.970149253731
2.87878787879
1.62962962963
1.11627906977
1.20512820513
0.854748603352
1.03571428571
0.445255474453
1.96470588235
0.796296296296
1.11724137931
0.760869565217
0.310559006211
3.08
4.27777777778
2.89855072464
0.331578947368
0.405128205128
2.13846153846
2.12727272727
0.606299212598
0.740740740741
1.74193548387
2.72727272727
0.953703703704
0.315068493151
0.40625
1.21666666667
5.65625
1.51428571429
0.811111111111
0.649122807018
0.976744186047
1.61016949153
0.863247863248
1.0380952381
1.48888888889
1.46
0.692307692308
2.10526315789
1.84375
1.2987012987
0.205405405405
0.817204301075
1.08333333333
1.22388059701
0.788732394366
19.625
2.33928571429
0.525925925926
0.9
0.942028985507
0.732394366197
1.38554216867
0.682352941176
0.735294117647
1.18032786885
2.02777777778
2.20338983051
0.595588235294
1.16428571429
0.684782608696
0.828025477707
1.44680851064
0.36170212766
1.625
1.86363636364
0.776859504132
1.1875
0.864077669903
0.959183673469
0.868131868132
1.51111111111
0.455696202532
1.49565217391
1.76470588235
0.563953488372
0.921875
0.740740740741
1.15625
2.33333333333
4.375
2.98181818182
0.537572254335
4.21875
2.32051282051
0.564814814815
0.528409090909
1.54807692308
0.922077922078
1.03144654088
1.79411764706
1.30821917808
1.88392857143
0.320855614973
0.714285714286
1.54166666667
0.558823529412
6.3137254902
1.4696969697
0.329749103943
1.17567567568
1.20879120879
1.50649350649
0.489361702128
0.768518518519
1.97297297297
1.88095238095
1.08823529412
0.294871794872
1.45348837209
4.95
1.04580152672
0.419540229885
1.10218978102
2.44736842105
0.531746031746
0.295857988166
1.34146341463
3.21052631579
1.16071428571
0.78488372093
1.41333333333
0.554054054054
0.487684729064
3.21428571429
1.36633663366
0.290816326531
0.404109589041
2.4776119403
4.51785714286
1.77272727273
0.336322869955
0.399082568807
2.32876712329
0.702702702703
1.23270440252
1.71186440678
0.515625
1.32631578947
0.797619047619
1.41666666667
3.45161290323
2.29508196721
1.02247191011
0.658914728682
0.526011560694
0.601123595506
0.954545454545
1.26595744681
0.736842105263
1.03816793893
1.30158730159
1.06569343066
1.03658536585
0.451612903226
1.28813559322
2.56896551724
4.22033898305
0.389937106918
0.380566801619
3.55172413793
1.01111111111
0.333333333333
1.84444444444
1.63636363636
0.398734177215
2.11904761905
1.22641509434
0.805194805195
1.21666666667
1.40163934426
1.86538461538
0.668789808917
1.46052631579
1.29787234043
0.64347826087
0.723577235772
0.728395061728
0.844036697248
1.29230769231
0.831460674157
2.48611111111
0.424657534247
0.616666666667
5.25
1.05128205128
0.385057471264
1.72321428571
1.7
0.723076923077
2.39240506329
1.27027027027
1.4099378882
0.85798816568
0.542857142857
0.678571428571
0.559139784946
0.724137931034
1.42424242424
1.03278688525
1.58333333333
1.3064516129
1.2905982906
1.54411764706
0.857142857143
1.11320754717
1.24761904762
1.76991150442
2.0081300813
0.394088669951
0.296943231441
0.919540229885
0.985714285714
1.84848484848
1.63636363636
0.583333333333
1.11016949153
1.36842105263
0.511111111111
1.59420289855
1.63157894737
3.82352941176
2.51315789474
0.208053691275
0.290816326531
2.57894736842
1.17857142857
1.11965811966
0.403669724771
12.4615384615
1.70731707317
1.96753246753
1.24590163934
0.486928104575
0.951388888889
2.47058823529
0.619834710744
1.5
1.05633802817
2.43181818182
1.01666666667
1.25925925926
1.23404255319
1.0671641791
1.21666666667
0.448
1.33870967742
4.66666666667
1.04615384615
0.139240506329
1.40506329114
2.5641025641
0.68
0.920634920635
1.78947368421
1.47368421053
4.65
1.09756097561
1.53521126761
0.623853211009
1.2641509434
0.8125
0.846153846154
1.86666666667
2.44642857143
0.729166666667
1.56666666667
1.56060606061
0.425149700599
0.981651376147
1.33333333333
0.756756756757
2.73417721519
0.865168539326
1.37195121951
1.68115942029
0.262443438914
1.17272727273
2.62068965517
0.745614035088
1.02
1.05194805195
1.5375
1.11111111111
2.68269230769
1.54761904762
0.121265377856
0.79674796748
2.74137931034
0.886363636364
1.41666666667
4.83050847458
1.26595744681
1.2156133829
1.31851851852
0.411290322581
0.437837837838
0.580952380952
1.45070422535
2.13559322034
1.68644067797
2.48275862069
1.12568306011
0.435
0.291457286432
2.05
1.8
0.639455782313
1.18181818182
1.01020408163
0.509259259259
1.525
1.94736842105
0.787610619469
2.15151515152
0.903614457831
1.21985815603
1.15584415584
0.370860927152
1.74193548387
1.29508196721
0.409722222222
2.11475409836
2.32727272727
0.5390625
0.582608695652
1.08108108108
0.754716981132
1.375
0.707317073171
0.761538461538
2.1935483871
1.25892857143
3.0
0.360902255639
1.89221556886
0.280864197531
7.8
1.03409090909
0.724832214765
0.604395604396
0.909090909091
2.9347826087
1.05405405405
0.5546875
3.01315789474
1.94444444444
0.921052631579
1.19642857143
0.254437869822
0.601851851852
4.08
1.62337662338
0.788732394366
0.508771929825
2.07633587786
1.328125
0.587030716724
1.59420289855
1.21428571429
0.814814814815
0.465240641711
1.48913043478
1.88172043011
0.544642857143
1.08783783784
2.37288135593
0.378378378378
0.354609929078
1.51388888889
2.31818181818
0.516393442623
0.896226415094
1.75757575758
0.633333333333
1.0101010101
1.24193548387
1.82474226804
1.07594936709
0.258823529412
0.673913043478
0.977272727273
1.66666666667
1.375
1.31914893617
0.493150684932
0.495575221239
2.31707317073
0.924242424242
0.738636363636
0.653846153846
1.65151515152
4.12195121951
0.550458715596
0.738372093023
1.8253968254
1.51754385965
0.867256637168
0.481012658228
0.741573033708
1.05128205128
1.49206349206
0.703703703704
0.866666666667
3.86440677966
0.4625
0.365957446809
2.75
0.780487804878
0.375
1.15625
2.0
2.72602739726
2.62352941176
0.724324324324
0.784615384615
0.834482758621
1.33561643836
0.660377358491
146.0
0.582524271845
0.473684210526
3.26229508197
1.61016949153
0.395604395604
1.40404040404
0.810810810811
0.655172413793
5.4
2.43835616438
0.20295202952
0.523178807947
1.82142857143
1.11940298507
1.32673267327
2.09230769231
0.68
0.553846153846
1.28125
1.12328767123
0.710144927536
0.761904761905
1.93181818182
0.861111111111
1.0
1.63888888889
2.24691358025
0.550561797753
0.691011235955
1.44827586207
1.18085106383
1.64556962025
2.08695652174
1.56910569106
0.347417840376
0.564245810056
0.506666666667
0.732142857143
2.11111111111
0.985915492958
1.02247191011
1.234375
1.14772727273
1.14285714286
1.65591397849
0.961538461538
0.664383561644
2.41538461538
1.50980392157
0.862595419847
0.785714285714
0.621848739496
0.703703703704
1.40540540541
0.910256410256
0.586538461538
3.85483870968
3.39344262295
0.412322274882
0.703883495146
2.51807228916
0.797101449275
0.221649484536
0.920792079208
1.27906976744
0.202702702703
1.53703703704
11.1428571429
1.0
1.94594594595
4.9
0.232472324723
0.283333333333
1.63076923077
0.861111111111
0.87037037037
2.31147540984
1.06
1.13223140496
0.31914893617
0.83185840708
6.09523809524
1.2
0.577586206897
0.833333333333
3.84
2.22058823529
0.918918918919
1.15950920245
0.237704918033
0.948979591837
1.21666666667
1.04968944099
0.782608695652
0.546875
3.06153846154
1.05263157895
0.56050955414
2.62195121951
0.567010309278
0.364102564103
3.50909090909
3.66666666667
0.269662921348
1.10555555556
3.11475409836
0.9
0.668711656442
2.98787878788
0.87619047619
0.123543123543
0.658536585366
1.50724637681
2.93333333333
1.52380952381
0.636363636364
0.818965517241
2.0
2.03
0.620967741935
0.745283018868
0.849315068493
0.489361702128
3.68518518519
2.94666666667
1.0
0.440476190476
0.606666666667
1.61764705882
0.989247311828
0.540540540541
0.846153846154
4.12903225806
1.55223880597
0.277108433735
1.0652173913
3.20689655172
2.325
1.0
0.286549707602
0.610687022901
5.3137254902
1.64912280702
0.484716157205
2.35164835165
0.627118644068
0.842639593909
1.46153846154
0.430379746835
2.2625
1.12280701754
0.75625
2.9649122807
1.40366972477
0.981818181818
1.19375
1.25714285714
0.537634408602
1.08666666667
1.22641509434
1.1958041958
0.428571428571
0.477011494253
4.12820512821
0.58024691358
0.483443708609
0.977272727273
1.546875
1.62711864407
1.275
6.66666666667
2.33018867925
1.10714285714
0.879668049793
3.44
0.524038461538
0.6
1.84337349398
0.875
0.575539568345
1.04761904762
2.44444444444
0.863636363636
0.380681818182
2.88059701493
2.0
0.775
0.551181102362
0.49
1.40816326531
1.7
0.45
2.11627906977
2.625
1.48314606742
0.942028985507
0.9
2.8
0.584905660377
1.29299363057
2.33870967742
0.42523364486
0.883928571429
1.61428571429
2.23595505618
0.915789473684
0.813559322034
6.06593406593
0.623287671233
0.919831223629
1.17708333333
0.160839160839
0.538461538462
3.75471698113
2.11538461538
0.770114942529
1.28318584071
0.641666666667
1.20567375887
3.45454545455
1.70253164557
1.0518134715
0.360730593607
0.5
0.9
1.43333333333
1.39215686275
0.746031746032
1.0
0.863157894737
1.14666666667
0.844155844156
0.796116504854
1.26315789474
1.17777777778
3.37704918033
1.73737373737
0.978378378378
0.315476190476
0.538461538462
1.10638297872
0.688172043011
1.90476190476
0.716666666667
0.598360655738
1.30188679245
0.607594936709
1.0
1.35
1.14285714286
1.01123595506
2.80303030303
1.75862068966
0.444444444444
1.70322580645
1.18461538462
0.33064516129
3.42424242424
0.9375
0.520547945205
1.67415730337
1.4
0.634146341463
1.7602739726
1.48611111111
0.256198347107
1.36734693878
1.34848484848
1.82014388489
0.542553191489
0.316455696203
3.14545454545
3.8
0.921052631579
0.389908256881
6.65254237288
1.1125
0.148738379814
0.870588235294
0.51
1.27777777778
1.20454545455
1.93827160494
0.967741935484
1.02158273381
1.89655172414
2.45255474453
0.938144329897
0.322580645161
0.765306122449
0.70297029703
2.40322580645
4.4375
0.553956834532
0.286713286713
3.48148148148
1.25333333333
0.431906614786
0.8
0.80612244898
1.44086021505
0.675324675325
0.508196721311
0.806451612903
1.03076923077
2.01818181818
1.49367088608
0.855670103093
0.565573770492
0.916666666667
2.87096774194
3.20338983051
0.54609929078
0.68156424581
1.24285714286
0.773913043478
0.91935483871
0.939024390244
1.21818181818
3.44117647059
1.78333333333
0.977272727273
0.448979591837
0.352112676056
2.63636363636
4.94642857143
2.04545454545
0.250922509225
0.638157894737
1.0
0.575471698113
0.569892473118
3.96
3.46808510638
0.262295081967
1.2987804878
1.69387755102
0.337278106509
0.693181818182
3.90476190476
0.953846153846
0.415584415584
1.37931034483
2.47191011236
1.45588235294
0.850746268657
1.77659574468
1.29411764706
1.43859649123
1.01342281879
0.715517241379
1.96666666667
0.555555555556
0.162962962963
1.01176470588
2.67741935484
1.29333333333
1.47826086957
1.34615384615
1.68539325843
1.49411764706
1.06153846154
0.5234375
0.706766917293
1.0350877193
0.595505617978
3.85714285714
1.125
0.837209302326
1.01515151515
1.07333333333
1.7037037037
0.452229299363
0.59
1.33333333333
1.35294117647
1.29885057471
12.5454545455
2.04255319149
2.0985915493
0.494318181818
0.286821705426
0.821428571429
0.647887323944
2.33333333333
4.66666666667
0.725
0.25
0.895238095238
6.875
1.59523809524
0.464135021097
0.698717948718
0.354166666667
2.18918918919
1.88235294118
0.274261603376
0.981818181818
5.27450980392
1.77083333333
0.355212355212
1.02564102564
2.11363636364
1.2
0.555555555556
1.31460674157
0.821052631579
0.439024390244
2.28205128205
1.04347826087
0.490196078431
3.13043478261
0.835820895522
0.859375
1.13636363636
0.714285714286
2.39130434783
1.3024691358
9.8
0.940540540541
0.602836879433
1.12244897959
1.0843373494
0.217647058824
0.544554455446
3.41025641026
2.43181818182
1.5867768595
0.645833333333
0.893854748603
1.13333333333
0.320754716981
1.64583333333
0.606896551724
3.72727272727
1.18823529412
0.827067669173
1.98913043478
2.53921568627
0.290816326531
0.372881355932
3.06666666667
2.25301204819
1.01015228426
0.591715976331
0.281914893617
0.809523809524
1.48275862069
1.88235294118
3.37662337662
0.608695652174
0.795555555556
1.63636363636
0.388235294118
1.4609375
2.10169491525
1.15204678363
1.0347826087
0.517647058824
1.6380952381
1.26966292135
0.28901734104
1.12698412698
2.06666666667
0.481203007519
0.925531914894
0.677966101695
1.71764705882
3.525
0.759398496241
0.481751824818
0.86170212766
1.13043478261
2.88709677419
0.864197530864
0.447513812155
1.69565217391
3.25842696629
1.04385964912
0.568
0.792452830189
2.4
1.2380952381
0.299625468165
0.470588235294
2.14492753623
1.49122807018
1.03731343284
0.9125
1.2421875
4.33333333333
0.723684210526
0.25702811245
0.601851851852
2.13333333333
0.951612903226
0.475
1.85714285714
0.378787878788
0.346534653465
7.61538461538
3.90625
5.38554216867
1.14285714286
0.302428256071
0.563025210084
0.488549618321
0.926470588235
1.77966101695
3.68333333333
0.979797979798
0.636363636364
0.914893617021
1.81896551724
0.671641791045
0.443298969072
4.21153846154
1.30379746835
0.815476190476
0.925619834711
0.781954887218
1.13333333333
2.89534883721
0.389473684211
0.544642857143
2.51351351351
0.647058823529
1.17333333333
3.11363636364
0.917647058824
1.19262295082
0.405405405405
0.705084745763
2.47368421053
0.650537634409
1.36666666667
1.30693069307
1.44642857143
1.27941176471
0.690647482014
0.701986754967
0.771084337349
0.58
0.932432432432
1.39622641509
2.25
1.41666666667
0.305970149254
1.36170212766
6.86111111111
0.942028985507
0.598958333333
1.12389380531
0.64406779661
10.2352941176
1.28915662651
1.65269461078
0.404958677686
0.503521126761
3.5
1.02222222222
2.29069767442
0.6
0.470967741935
1.88157894737
1.78181818182
0.30612244898
0.970873786408
1.89189189189
1.29245283019
1.54285714286
0.742424242424
1.22619047619
0.952380952381
0.845360824742
1.13636363636
1.46391752577
3.2
0.669565217391
0.260504201681
2.30487804878
0.745762711864
0.145161290323
5.09090909091
3.78260869565
0.357142857143
1.1975308642
1.15789473684
0.626373626374
1.47297297297
1.53424657534
1.07407407407
1.06542056075
0.555555555556
0.902654867257
1.12820512821
0.683168316832
1.58974358974
1.80357142857
0.692307692308
1.15053763441
1.21495327103
1.2752293578
0.405172413793
0.590551181102
5.15789473684
1.51612903226
0.425149700599
1.1095890411
2.63461538462
2.98666666667
0.913793103448
0.347619047619
0.558823529412
2.93548387097
3.0
0.91875
1.13492063492
0.8515625
0.902255639098
0.583333333333
1.58928571429
0.838235294118
0.66049382716
3.1
1.09677419355
0.609195402299
0.840425531915
1.4625
1.09090909091
0.224299065421
1.69135802469
6.37931034483
0.888
0.284810126582
1.45614035088
3.36363636364
0.43137254902
0.468085106383
1.23188405797
1.3064516129
2.61904761905
4.56179775281
1.41717791411
0.334862385321
0.436681222707
1.90163934426
0.670454545455
1.03669724771
1.20689655172
1.12138728324
0.825396825397
0.881188118812
4.81395348837
0.628865979381
0.350574712644
0.558333333333
1.2
2.03125
2.73015873016
0.190476190476
0.469879518072
2.61904761905
1.12345679012
1.8
0.955555555556
0.934782608696
1.16161616162
0.68
0.580152671756
2.4375
2.65384615385
0.388429752066
0.367924528302
2.14285714286
1.76056338028
1.44554455446
1.67592592593
0.569444444444
0.362573099415
1.20779220779
1.57894736842
0.931506849315
1.4
3.46774193548
0.809523809524
0.653266331658
1.02105263158
1.28346456693
0.585365853659
0.777777777778
1.84090909091
1.02586206897
1.34848484848
0.694915254237
1.5625
0.798245614035
10.875
1.92682926829
0.8
0.589743589744
0.685483870968
0.922077922078
0.519480519481
1.68181818182
3.22857142857
0.948453608247
0.766990291262
0.970588235294
3.421875
2.48235294118
0.645454545455
0.622641509434
1.7610619469
1.26470588235
0.257575757576
0.606060606061
1.97872340426
4.71232876712
1.49514563107
0.0298507462687
1.39160839161
0.815286624204
10.25
1.3355704698
0.972602739726
0.462857142857
1.01315789474
2.02816901408
0.651685393258
0.712
1.58333333333
1.67142857143
0.623376623377
1.00793650794
2.5
0.579831932773
2.91780821918
1.24
0.23
0.554347826087
2.13461538462
1.14285714286
0.771186440678
1.075
5.36734693878
1.75609756098
0.626556016598
0.554054054054
0.697841726619
1.13513513514
1.08641975309
0.827586206897
1.83544303797
1.64150943396
0.675
1.78651685393
1.4
1.08396946565
0.904411764706
2.75
0.968253968254
1.10839160839
0.736434108527
0.143356643357
0.961538461538
2.5
1.82191780822
0.977272727273
0.866141732283
0.933333333333
0.722222222222
1.10227272727
0.828947368421
0.0941176470588
1.27941176471
14.2
0.756097560976
0.709923664122
2.82978723404
0.384615384615
0.626984126984
2.2619047619
1.45945945946
0.626262626263
0.588785046729
1.97777777778
2.1095890411
1.87209302326
1.35172413793
0.468965517241
0.258064516129
2.45614035088
0.859154929577
1.00751879699
1.83018867925
1.10434782609
1.36170212766
0.508474576271
0.589743589744
2.0625
0.953846153846
0.578947368421
1.35185185185
1.60759493671
1.453125
0.723076923077
0.688888888889
1.20547945205
2.67924528302
2.62337662338
1.24
0.333333333333
0.293233082707
2.96
1.14285714286
1.03524229075
1.42
0.398305084746
0.864197530864
0.721649484536
2.15625
1.86206896552
1.1
